H072 8001 24546932 20250622 Traumatismo 2 55.2
H043 8002 41143387 20250301 Fractura 3 42.3
H036 8003 38469184 20250108 Apendicitis 4 74.4
H009 8004 31440065 20250210 Apendicitis 5 76.1
H016 8005 40830552 20250113 Otitis 1 101
H010 8006 27127978 20250131 Bronquitis 4 90.4
H034 8007 27622765 20250602 Bronquitis 4 67.5
H095 8008 33249278 20250318 Esguince 5 94.5
H099 8009 30795284 20250321 Intoxicacion 5 80.6
H033 8010 38260888 20250204 Asma 2 71.4
H044 8011 32435306 20250518 Intoxicacion 1 78.9
H085 8012 37822107 20250217 Intoxicacion 4 57
H009 8013 29292776 20250615 Apendicitis 5 90.9
H087 8014 26494930 20250104 Bronquitis 5 96.5
H043 8015 35906327 20250220 Infeccion 1 67.5
H059 8016 27788964 20250418 Gripe 5 105.7
H070 8017 33015052 20250527 Apendicitis 3 93.1
H096 8018 27459814 20250217 Traumatismo 2 47.8
H007 8019 25201080 20250128 Neumonia 1 67.8
H056 8020 34311264 20250204 Traumatismo 1 83.3
H027 8021 44529651 20250430 Bronquitis 3 42.8
H053 8022 39423461 20250523 Otitis 1 49.9
H011 8023 29393513 20250126 Bronquitis 5 56.1
H053 8024 34190850 20250605 Traumatismo 1 108.4
H071 8025 39366897 20250310 Bronquitis 5 67
H005 8026 29110907 20250206 Neumonia 2 69.5
H060 8027 20878626 20250210 Asma 5 89.9
H043 8028 40216617 20250216 Traumatismo 4 96.6
H079 8029 20147259 20250222 Neumonia 4 94.3
H010 8030 24372838 20250520 Gripe 3 73.9
H029 8031 21091060 20250603 Quemadura 1 77.9
H056 8032 43169809 20250629 Intoxicacion 3 103.9
H016 8033 25366542 20250524 Infeccion 5 46.7
H093 8034 27103940 20250208 Asma 5 102.4
H095 8035 28215717 20250522 Apendicitis 3 72.2
H012 8036 41629827 20250302 Otitis 4 58.5
H013 8037 22926702 20250626 Gripe 3 47.4
H016 8038 33891016 20250402 Asma 4 85.5
H072 8039 25632269 20250419 Apendicitis 3 82.8
H070 8040 23137871 20250531 Gripe 3 86.1
H093 8041 32038884 20250310 Apendicitis 2 67.1
H013 8042 44177794 20250207 Apendicitis 2 67.5
H028 8043 39431191 20250624 Fractura 2 40.7
H029 8044 42734289 20250523 Otitis 1 105.9
H098 8045 21739672 20250127 Bronquitis 1 92.2
H074 8046 34651765 20250212 Fractura 5 91.5
H064 8047 40984160 20250525 Intoxicacion 2 84.6
H086 8048 42672067 20250430 Asma 3 48.9
H024 8049 35361382 20250407 Gripe 2 105.7
H080 8050 41811553 20250325 Bronquitis 4 97.6
H093 8051 25772256 20250109 Bronquitis 3 46.6
H004 8052 28870879 20250626 Infeccion 1 95.3
H007 8053 26220456 20250505 Bronquitis 1 73.7
H048 8054 43968914 20250218 Apendicitis 1 109.3
H085 8055 34125396 20250415 Bronquitis 3 95.8
H083 8056 32562342 20250518 Apendicitis 2 105.5
H033 8057 33853487 20250121 Infeccion 2 60.2
H085 8058 38094364 20250516 Apendicitis 4 104.8
H059 8059 33334244 20250220 Infeccion 1 106.7
H066 8060 28005112 20250415 Gripe 5 101.3
H100 8061 20121432 20250309 Esguince 2 107.3
H033 8062 43064566 20250114 Otitis 4 72.5
H082 8063 42540516 20250430 Otitis 5 95.1
H041 8064 21674329 20250612 Infeccion 4 86.7
H001 8065 39159199 20250212 Quemadura 4 78.2
H012 8066 24502036 20250210 Otitis 3 42.6
H014 8067 42983359 20250420 Asma 4 60.3
H066 8068 36261924 20250621 Fractura 1 45.4
H034 8069 21518017 20250613 Intoxicacion 4 50.1
H005 8070 32396697 20250226 Neumonia 1 68
H019 8071 20006220 20250429 Neumonia 2 99.7
H024 8072 24489078 20250405 Apendicitis 5 109.9
H097 8073 21691723 20250525 Bronquitis 3 104.4
H072 8074 36606795 20250423 Quemadura 5 93.2
H006 8075 23777581 20250223 Quemadura 2 98.7
H099 8076 30422299 20250222 Asma 2 57.4
H082 8077 44567210 20250217 Asma 5 50.7
H004 8078 31485774 20250422 Intoxicacion 1 86.3
H001 8079 40674489 20250301 Infeccion 5 40.8
H081 8080 34404208 20250629 Fractura 5 66.3
H082 8081 38749526 20250616 Infeccion 5 46.2
H081 8082 21016306 20250217 Neumonia 3 57.7
H015 8083 41744894 20250117 Otitis 4 43.9
H050 8084 42766919 20250111 Traumatismo 1 106.3
H092 8085 34414744 20250607 Fractura 4 96.1
H022 8086 32793259 20250429 Quemadura 3 86.2
H074 8087 23244196 20250330 Intoxicacion 2 59.4
H089 8088 35792453 20250324 Neumonia 3 56.9
H016 8089 32985970 20250310 Asma 4 55.4
H051 8090 31914556 20250204 Esguince 3 68.9
H020 8091 38785597 20250311 Apendicitis 1 71.8
H055 8092 26623419 20250507 Infeccion 3 84
H019 8093 31074966 20250527 Intoxicacion 3 99.8
H001 8094 29240900 20250207 Neumonia 4 93.8
H048 8095 31566095 20250226 Traumatismo 5 46.1
H037 8096 34267956 20250120 Fractura 2 73.4
H093 8097 25717744 20250309 Infeccion 1 94.2
H089 8098 29570039 20250304 Esguince 4 96.2
H021 8099 43916641 20250515 Traumatismo 3 47.2
H025 8100 36487313 20250315 Asma 1 102
