H029 5001 8031 532 20250626 Psiquiatria 20
H022 5002 8086 526 20250506 Cardiologia 15
H059 5003 8059 132 20250302 Oftalmologia 15
H099 5004 8076 794 20250307 Pediatria 90
H010 5005 8006 344 20250206 Psiquiatria 45
H043 5006 8028 250 20250226 Traumatologia 20
H010 5007 8030 351 20250616 Dermatologia 90
H037 5008 8096 145 20250129 Ginecologia 30
H019 5009 8071 461 20250518 Clinica 45
H011 5010 8023 593 20250201 Pediatria 90
H033 5011 8057 463 20250219 Oftalmologia 15
H019 5012 8071 164 20250429 Pediatria 60
H027 5013 8021 334 20250502 Cardiologia 15
H089 5014 8088 361 20250413 Cardiologia 20
H098 5015 8045 823 20250208 Pediatria 15
H070 5016 8017 511 20250530 Cardiologia 20
H098 5017 8045 518 20250225 Traumatologia 30
H004 5018 8078 292 20250422 Cardiologia 15
H093 5019 8041 480 20250327 Pediatria 60
H093 5020 8097 172 20250401 Psiquiatria 30
H001 5021 8079 739 20250312 Clinica 15
H043 5022 8002 877 20250310 Clinica 30
H027 5023 8021 803 20250528 Cardiologia 90
H064 5024 8047 852 20250615 Traumatologia 45
H033 5025 8010 688 20250209 Pediatria 15
H029 5026 8044 327 20250602 Cardiologia 30
H083 5027 8056 213 20250609 Urologia 90
H024 5028 8049 553 20250417 Clinica 15
H006 5029 8075 988 20250307 Urologia 45
H056 5030 8020 960 20250211 Ginecologia 30
H004 5031 8052 763 20250703 Traumatologia 20
H015 5032 8083 546 20250129 Traumatologia 15
H024 5033 8072 914 20250501 Ginecologia 60
H004 5034 8078 514 20250516 Traumatologia 60
H041 5035 8064 222 20250711 Cardiologia 45
H051 5036 8090 844 20250305 Urologia 60
H024 5037 8072 763 20250428 Ginecologia 20
H041 5038 8064 673 20250711 Cardiologia 45
H099 5039 8076 650 20250317 Pediatria 45
H036 5040 8003 899 20250126 Cardiologia 90
H016 5041 8005 409 20250201 Dermatologia 20
H034 5042 8007 255 20250604 Traumatologia 45
H059 5043 8016 663 20250418 Oftalmologia 90
H010 5044 8030 383 20250611 Traumatologia 90
H011 5045 8023 179 20250206 Dermatologia 15
H048 5046 8095 372 20250326 Dermatologia 90
H016 5047 8033 931 20250602 Dermatologia 45
H072 5048 8001 592 20250719 Traumatologia 30
H006 5049 8075 838 20250321 Oftalmologia 60
H036 5050 8003 420 20250126 Traumatologia 20
H010 5051 8006 719 20250204 Psiquiatria 30
H070 5052 8040 190 20250626 Cardiologia 90
H020 5053 8091 264 20250331 Pediatria 15
H059 5054 8016 346 20250507 Dermatologia 90
H074 5055 8087 201 20250411 Pediatria 90
H044 5056 8011 421 20250523 Clinica 15
H055 5057 8092 793 20250507 Neurologia 45
H059 5058 8016 560 20250503 Oftalmologia 90
H066 5059 8068 318 20250630 Pediatria 60
H051 5060 8090 647 20250211 Clinica 30
H070 5061 8040 375 20250611 Cardiologia 45
H019 5062 8071 455 20250516 Pediatria 45
H055 5063 8092 139 20250530 Clinica 20
H081 5064 8082 976 20250315 Psiquiatria 45
H080 5065 8050 820 20250419 Psiquiatria 20
H009 5066 8013 111 20250626 Oftalmologia 90
H020 5067 8091 394 20250323 Pediatria 45
H070 5068 8040 351 20250627 Cardiologia 90
H029 5069 8044 776 20250528 Cardiologia 30
H082 5070 8081 171 20250629 Oftalmologia 20
H012 5071 8066 630 20250306 Cardiologia 60
H059 5072 8016 903 20250428 Dermatologia 30
H064 5073 8047 239 20250618 Urologia 45
H006 5074 8075 265 20250228 Neurologia 30
H060 5075 8027 109 20250305 Clinica 45
H019 5076 8093 252 20250620 Clinica 90
H043 5077 8028 652 20250310 Ginecologia 30
H074 5078 8046 661 20250305 Pediatria 20
H051 5079 8090 347 20250210 Urologia 15
H087 5080 8014 439 20250116 Clinica 60
H006 5081 8075 486 20250312 Neurologia 90
H100 5082 8061 664 20250406 Neurologia 90
H015 5083 8083 336 20250131 Traumatologia 15
H098 5084 8045 592 20250222 Traumatologia 60
H093 5085 8097 624 20250325 Oftalmologia 90
H043 5086 8015 463 20250304 Traumatologia 90
H043 5087 8015 992 20250222 Cardiologia 90
H059 5088 8016 201 20250428 Dermatologia 30
H085 5089 8055 739 20250504 Oftalmologia 45
H050 5090 8084 559 20250117 Clinica 30
H097 5091 8073 786 20250531 Oftalmologia 15
H089 5092 8088 848 20250414 Psiquiatria 60
H082 5093 8063 842 20250529 Dermatologia 30
H060 5094 8027 731 20250310 Oftalmologia 30
H019 5095 8093 933 20250603 Cardiologia 45
H070 5096 8017 329 20250621 Dermatologia 30
H043 5097 8015 227 20250319 Clinica 15
H043 5098 8015 516 20250223 Cardiologia 90
H072 5099 8074 525 20250510 Cardiologia 60
H099 5100 8009 452 20250401 Dermatologia 15
